The program of classifying traffic flows started!
Doing the training part.
Uplink traning samples
[[145.92, 46.58220800000001], [273.26, 67.948868], [194.0, 54.416650000000004], [96.0, 1.0], [355.94, 67.137764], [182.48, 58.56333199999999], [316.66, 63.633323999999995], [367.9130434782609, 54.26086956521739]]
[0, 0, 0, 1, 2, 2, 2, 2]
Downlink traning samples
[[1194.92, 56.55], [1045.54, 37.83], [1092.76, 38.91], [1062.18, 35.36], [972.58, 34.14], [1296.4, 52.26], [1549.0, 59.02], [1463.08, 60.06], [1549.0, 61.88], [1549.0, 62.01], [528.0, 64.03703703703704], [126.97916666666667, 35.208333333333336], [570.36, 24.91], [466.92, 26.32], [726.82, 21.05], [142.26, 30.67], [257.7, 13.76], [576.72, 29.68], [474.32, 21.07], [126.78, 21.33], [655.38, 31.06], [217.02, 15.64], [1069.8, 39.97], [628.2, 21.45], [277.9, 15.47], [156.8, 12.97], [299.92, 16.25], [143.74, 19.67], [316.56, 16.05], [353.88, 15.24], [549.18, 38.93], [340.94, 24.39], [1423.9, 58.63], [315.02, 25.86], [479.92, 23.63], [268.14, 15.56], [350.42, 19.07], [645.5, 22.48], [955.94, 21.46], [279.1, 25.58], [127.65384615384616, 10.365384615384615]]
[0, 0, 0, 0, 0, 0, 0, 0, 0, 0, 0, 1, 2, 2, 2, 2, 2, 2, 2, 2, 2, 2, 2, 2, 2, 2, 2, 2, 2, 2, 2, 2, 2, 2, 2, 2, 2, 2, 2, 2, 2]
Start the online part
Start sniffing packets
Downlink
[[174.0, 26.95]]
[1]
Downlink
[[177.8, 16.45]]
[1]
Uplink
[[191.2, 9.0]]
[0]
Uplink
[[197.6, 9.0]]
[0]
